# step, loss_train, loss_test, metrics_test
<<<<<<< HEAD
0.000000000000000000e+00 9.976328277587890625e+01 9.977313232421875000e+01 2.624033689498901367e+00 0.000000000000000000e+00 1.002126159667968750e+02 2.624033689498901367e+00 1.002126151667096252e+02 1.002126151667096252e+02 4.205747166157679934e-02 4.205747166157679934e-02
1.000000000000000000e+03 6.650428771972656250e+01 6.662411499023437500e+01 3.047261238098144531e+00 0.000000000000000000e+00 7.048794555664062500e+01 3.047261238098144531e+00 7.102185555660011573e+01 7.048795115102346642e+01 7.102059587178275457e-01 7.224418625069177757e-01
2.000000000000000000e+03 2.248860931396484375e+01 9.048189163208007812e+00 4.149055004119873047e+00 0.000000000000000000e+00 1.708096861839294434e+00 4.149055004119873047e+00 3.223894256842634753e+00 1.708096927341758331e+00 2.319858956423896057e+00 1.785542643820466235e+00
3.000000000000000000e+03 1.146038150787353516e+01 3.358657836914062500e+00 4.439778327941894531e+00 0.000000000000000000e+00 1.360700368881225586e+00 4.439778327941894531e+00 1.428702585428977434e+00 1.360700548668363430e+00 1.200593506540489352e+00 1.200933461820221648e+00
4.000000000000000000e+03 8.788627624511718750e+00 2.786610126495361328e+00 4.445775985717773438e+00 0.000000000000000000e+00 1.659018158912658691e+00 4.445775985717773438e+00 2.813870395979484407e+00 1.659018044193033781e+00 1.794000445145931932e+00 1.491541408523360479e+00
5.000000000000000000e+03 7.405662536621093750e+00 2.850720882415771484e+00 4.426391601562500000e+00 0.000000000000000000e+00 1.884559631347656250e+00 4.426391601562500000e+00 5.559064288714788304e+00 1.884559390017320091e+00 2.260649622299351513e+00 1.710397919854735216e+00
6.000000000000000000e+03 6.685532569885253906e+00 2.833681821823120117e+00 4.384968280792236328e+00 0.000000000000000000e+00 2.064397096633911133e+00 4.384968280792236328e+00 6.792477610211110850e+00 2.064396837347333591e+00 2.570933230603706487e+00 1.917923804102424246e+00
7.000000000000000000e+03 6.028705596923828125e+00 2.942639112472534180e+00 4.355286598205566406e+00 0.000000000000000000e+00 2.402790307998657227e+00 4.355286598205566406e+00 7.524150441003582657e+00 2.402789775398320948e+00 2.924737297226959853e+00 2.277571091547081927e+00
8.000000000000000000e+03 5.690054893493652344e+00 2.942757129669189453e+00 4.333370685577392578e+00 0.000000000000000000e+00 2.600008964538574219e+00 4.333370685577392578e+00 7.475383744665145436e+00 2.600008493157639933e+00 3.091807382299404772e+00 2.502828370856566398e+00
9.000000000000000000e+03 5.363440513610839844e+00 2.922285318374633789e+00 4.312564373016357422e+00 0.000000000000000000e+00 2.771402597427368164e+00 4.312564373016357422e+00 7.907811210796489299e+00 2.771401974879094343e+00 3.308909330526249803e+00 2.691805289917443833e+00
1.000000000000000000e+04 5.045586109161376953e+00 2.968194961547851562e+00 4.297780036926269531e+00 0.000000000000000000e+00 2.908831119537353516e+00 4.297780036926269531e+00 8.333496689459364504e+00 2.908830699630494010e+00 3.489681366031137877e+00 2.840989111574176551e+00
1.100000000000000000e+04 4.873482704162597656e+00 2.985786914825439453e+00 4.274148464202880859e+00 0.000000000000000000e+00 2.979315519332885742e+00 4.274148464202880859e+00 8.578434657597224344e+00 2.979315082967950890e+00 3.591267411837475443e+00 2.921482705889137499e+00
1.200000000000000000e+04 4.586202621459960938e+00 3.018496513366699219e+00 4.256585597991943359e+00 0.000000000000000000e+00 3.073936462402343750e+00 4.256585597991943359e+00 8.968680238907886348e+00 3.073935993118841026e+00 3.721213182388486640e+00 3.022581132973300999e+00
1.300000000000000000e+04 4.353275299072265625e+00 3.045083045959472656e+00 4.239921092987060547e+00 0.000000000000000000e+00 3.173014402389526367e+00 4.239921092987060547e+00 9.209341171966606510e+00 3.173013946345459413e+00 3.831735287833525572e+00 3.128423235364525823e+00
1.400000000000000000e+04 4.249567508697509766e+00 2.988552093505859375e+00 4.207833290100097656e+00 0.000000000000000000e+00 3.249814033508300781e+00 4.207833290100097656e+00 8.966233140787947420e+00 3.249813643414939612e+00 3.844954149399067322e+00 3.199532859046512634e+00
1.500000000000000000e+04 4.158214569091796875e+00 2.975946426391601562e+00 4.183534145355224609e+00 0.000000000000000000e+00 3.332659721374511719e+00 4.183534145355224609e+00 8.861462496045804826e+00 3.332659260819033076e+00 3.899219089353926027e+00 3.283132768903370913e+00
1.600000000000000000e+04 4.068097114562988281e+00 2.972880601882934570e+00 4.165690422058105469e+00 0.000000000000000000e+00 3.420708894729614258e+00 4.165690422058105469e+00 8.893010373382168154e+00 3.420708587772369302e+00 3.977590575541732676e+00 3.371004134437841859e+00
1.700000000000000000e+04 3.981851577758789062e+00 2.963403224945068359e+00 4.139326095581054688e+00 0.000000000000000000e+00 3.462674140930175781e+00 4.139326095581054688e+00 8.862565422465998211e+00 3.462673466668602984e+00 4.002878464586236973e+00 3.408573413296272836e+00
1.800000000000000000e+04 3.978254556655883789e+00 2.934344530105590820e+00 4.109515190124511719e+00 0.000000000000000000e+00 3.473668813705444336e+00 4.109515190124511719e+00 8.712773254095132813e+00 3.473668684812446728e+00 3.989181643459137394e+00 3.419256849889726002e+00
1.900000000000000000e+04 3.872400999069213867e+00 2.924657821655273438e+00 4.088148593902587891e+00 0.000000000000000000e+00 3.505255937576293945e+00 4.088148593902587891e+00 8.628405306987755097e+00 3.505255734833391035e+00 3.997827676593461277e+00 3.437977536766787079e+00
2.000000000000000000e+04 3.860295295715332031e+00 2.914920568466186523e+00 4.059040069580078125e+00 0.000000000000000000e+00 3.531059026718139648e+00 4.059040069580078125e+00 8.392636403144669188e+00 3.531058788352722022e+00 3.992423167276193841e+00 3.443046557045740474e+00
2.100000000000000000e+04 3.848325729370117188e+00 2.878988265991210938e+00 4.027153015136718750e+00 0.000000000000000000e+00 3.538980722427368164e+00 4.027153015136718750e+00 8.144782300822654975e+00 3.538980460521417459e+00 3.974307671795660912e+00 3.445025583486732046e+00
2.200000000000000000e+04 3.810740947723388672e+00 2.850881576538085938e+00 3.996052026748657227e+00 0.000000000000000000e+00 3.546903371810913086e+00 3.996052026748657227e+00 7.983890029174347092e+00 3.546903147576581095e+00 3.952938197912940765e+00 3.452382249423776361e+00
2.300000000000000000e+04 3.816722393035888672e+00 2.837281703948974609e+00 3.967550039291381836e+00 0.000000000000000000e+00 3.553714752197265625e+00 3.967550039291381836e+00 7.823691649903174117e+00 3.553714533948347576e+00 3.935872388401574273e+00 3.461492380366778754e+00
2.400000000000000000e+04 3.836215019226074219e+00 2.820447921752929688e+00 3.939681768417358398e+00 0.000000000000000000e+00 3.559407472610473633e+00 3.939681768417358398e+00 7.781518236001555344e+00 3.559407322119725769e+00 3.934481519347673206e+00 3.472578059593404376e+00
2.500000000000000000e+04 3.733852386474609375e+00 2.791782855987548828e+00 3.913107633590698242e+00 0.000000000000000000e+00 3.560834169387817383e+00 3.913107633590698242e+00 7.810989765810309571e+00 3.560833865871520842e+00 3.934957052648698106e+00 3.476224079181049920e+00
2.600000000000000000e+04 3.717164993286132812e+00 2.784277677536010742e+00 3.888429880142211914e+00 0.000000000000000000e+00 3.561415672302246094e+00 3.888429880142211914e+00 7.828769948481623331e+00 3.561415492474030220e+00 3.933779461665853017e+00 3.477618603389031726e+00
2.700000000000000000e+04 3.730378866195678711e+00 2.771015644073486328e+00 3.863079071044921875e+00 0.000000000000000000e+00 3.550599098205566406e+00 3.863079071044921875e+00 7.780662493396600432e+00 3.550598832488958134e+00 3.921921943893597717e+00 3.474366987661287709e+00
2.800000000000000000e+04 3.697308778762817383e+00 2.748335361480712891e+00 3.838265180587768555e+00 0.000000000000000000e+00 3.548774242401123047e+00 3.838265180587768555e+00 7.781619579664659447e+00 3.548773969962100594e+00 3.917373353027263860e+00 3.473160414235216376e+00
2.900000000000000000e+04 3.699003458023071289e+00 2.735624790191650391e+00 3.814065933227539062e+00 0.000000000000000000e+00 3.541062355041503906e+00 3.814065933227539062e+00 7.745978555011723721e+00 3.541061992669041647e+00 3.907088278850624707e+00 3.466948183471778133e+00
3.000000000000000000e+04 3.689050197601318359e+00 2.717937707901000977e+00 3.791126489639282227e+00 0.000000000000000000e+00 3.535858631134033203e+00 3.791126489639282227e+00 7.719570484173171820e+00 3.535858234791871002e+00 3.899644228044581773e+00 3.462147945489216561e+00
=======
0.000000000000000000e+00 1.062809472656250000e+04 6.984185576438903809e-01 1.125635351562500000e+04 6.984185576438903809e-01 1.125635351562500000e+04
1.000000000000000000e+03 1.427257347106933594e+01 5.640764832496643066e-01 1.006212329864501953e+01 5.640764832496643066e-01 1.006212329864501953e+01
2.000000000000000000e+03 1.049248695373535156e+01 4.867696166038513184e-01 7.228836536407470703e+00 4.867696166038513184e-01 7.228836536407470703e+00
3.000000000000000000e+03 1.982355499267578125e+01 4.380987882614135742e-01 2.214165115356445312e+01 4.380987882614135742e-01 2.214165115356445312e+01
4.000000000000000000e+03 1.713026618957519531e+01 4.049221575260162354e-01 1.908008766174316406e+01 4.049221575260162354e-01 1.908008766174316406e+01
5.000000000000000000e+03 1.608347129821777344e+01 3.807843923568725586e-01 1.772413635253906250e+01 3.807843923568725586e-01 1.772413253784179688e+01
6.000000000000000000e+03 1.752196502685546875e+01 3.625353574752807617e-01 1.919343566894531250e+01 3.625353574752807617e-01 1.919343566894531250e+01
7.000000000000000000e+03 1.475367641448974609e+01 3.488095998764038086e-01 1.599791622161865234e+01 3.488095998764038086e-01 1.599791812896728516e+01
8.000000000000000000e+03 1.561609554290771484e+01 3.388343453407287598e-01 1.687445831298828125e+01 3.388343453407287598e-01 1.687445640563964844e+01
9.000000000000000000e+03 1.397018623352050781e+01 3.319261968135833740e-01 1.499241065979003906e+01 3.319261968135833740e-01 1.499241065979003906e+01
1.000000000000000000e+04 7.329681396484375000e+00 3.275105357170104980e-01 4.825027942657470703e+00 3.275105357170104980e-01 4.825028419494628906e+00
1.100000000000000000e+04 8.744199752807617188e+00 3.250377178192138672e-01 7.714825630187988281e+00 3.250377178192138672e-01 7.714824676513671875e+00
1.200000000000000000e+04 1.962228584289550781e+01 3.232862651348114014e-01 2.152260398864746094e+01 3.232862651348114014e-01 2.152260398864746094e+01
1.300000000000000000e+04 1.548175048828125000e+01 3.213911056518554688e-01 1.712521743774414062e+01 3.213911056518554688e-01 1.712521743774414062e+01
1.400000000000000000e+04 6.218172073364257812e+00 3.200603127479553223e-01 3.970501899719238281e+00 3.200603127479553223e-01 3.970501422882080078e+00
1.500000000000000000e+04 1.689762687683105469e+01 3.187178373336791992e-01 1.884232711791992188e+01 3.187178373336791992e-01 1.884232521057128906e+01
1.600000000000000000e+04 1.720842361450195312e+01 3.172645568847656250e-01 1.915236282348632812e+01 3.172645568847656250e-01 1.915236282348632812e+01
1.700000000000000000e+04 4.395294952392578125e+01 3.159091472625732422e-01 4.745128631591796875e+01 3.159091472625732422e-01 4.745128631591796875e+01
1.800000000000000000e+04 2.008260917663574219e+01 3.145751357078552246e-01 2.032201385498046875e+01 3.145751357078552246e-01 2.032201385498046875e+01
1.900000000000000000e+04 3.148795509338378906e+01 3.132827281951904297e-01 3.241137313842773438e+01 3.132827281951904297e-01 3.241137313842773438e+01
2.000000000000000000e+04 4.007534408569335938e+01 3.120236396789550781e-01 4.328239440917968750e+01 3.120236396789550781e-01 4.328239440917968750e+01
2.100000000000000000e+04 2.318354988098144531e+01 3.108040392398834229e-01 2.366930198669433594e+01 3.108040392398834229e-01 2.366930389404296875e+01
2.200000000000000000e+04 2.814032936096191406e+01 3.096136748790740967e-01 2.893608474731445312e+01 3.096136748790740967e-01 2.893608093261718750e+01
2.300000000000000000e+04 4.650685501098632812e+01 3.084513545036315918e-01 5.001764297485351562e+01 3.084513545036315918e-01 5.001764678955078125e+01
2.400000000000000000e+04 2.594165039062500000e+01 3.073221445083618164e-01 2.665531539916992188e+01 3.073221445083618164e-01 2.665531349182128906e+01
2.500000000000000000e+04 3.088106155395507812e+01 3.062178492546081543e-01 3.190525436401367188e+01 3.062178492546081543e-01 3.190525054931640625e+01
2.600000000000000000e+04 4.373533248901367188e+01 3.051359951496124268e-01 4.701778030395507812e+01 3.051359951496124268e-01 4.701778030395507812e+01
2.700000000000000000e+04 1.907230949401855469e+01 3.040849864482879639e-01 1.945496177673339844e+01 3.040849864482879639e-01 1.945496177673339844e+01
2.800000000000000000e+04 3.363505935668945312e+01 3.030553460121154785e-01 3.488395690917968750e+01 3.030553460121154785e-01 3.488394927978515625e+01
2.900000000000000000e+04 4.062724685668945312e+01 3.020435869693756104e-01 4.366292190551757812e+01 3.020435869693756104e-01 4.366291427612304688e+01
3.000000000000000000e+04 2.194096183776855469e+01 3.010593652725219727e-01 2.255459785461425781e+01 3.010593652725219727e-01 2.255459594726562500e+01
>>>>>>> 42f6b88f8b955cbc5ef0d38fe59bc2645f1d0fa7
